,Symbol,InstrumentToken,ExchangeToken
0,3MINDIA,121345,474
1,ABB,3329,13
2,ACC,5633,22
3,AIAENG,3350017,13086
4,APLAPOLLO,6599681,25780
5,AUBANK,5436929,21238
6,AAVAS,1378561,5385
7,ADANIGREEN,912129,3563
8,ADANIPORTS,3861249,15083
9,ADANIPOWER,4451329,17388
10,ADANITRANS,2615553,10217
11,ABCAPITAL,5533185,21614
12,ABFRL,7707649,30108
13,ADVENZYMES,4617985,18039
14,AEGISCHEM,10241,40
15,AJANTPHARM,2079745,8124
16,AKZOINDIA,375553,1467
17,APLLTD,6483969,25328
18,ALKEM,2995969,11703
19,ALBK,2760193,10782
20,ALLCARGO,3456257,13501
21,AMARAJABAT,25601,100
22,AMBUJACEM,325121,1270
23,ANDHRABANK,2524673,9862
24,APOLLOHOSP,40193,157
25,APOLLOTYRE,41729,163
26,ASHOKLEY,54273,212
27,ASHOKA,5166593,20182
28,ASIANPAINT,60417,236
29,ASTERDM,386049,1508
30,ASTRAZEN,1436161,5610
31,ASTRAL,3691009,14418
32,ATUL,67329,263
33,AUROPHARMA,70401,275
34,AVANTIFEED,2031617,7936
35,DMART,5097729,19913
36,AXISBANK,1510401,5900
37,BASF,94209,368
38,BEML,101121,395
39,BSE,5013761,19585
40,BAJAJ-AUTO,4267265,16669
41,BAJAJCON,4999937,19531
42,BAJAJELEC,3848705,15034
43,BAJFINANCE,81153,317
44,BAJAJFINSV,4268801,16675
45,BAJAJHLDNG,78081,305
46,BALKRISIND,85761,335
47,BALMLAWRIE,86529,338
48,BALRAMCHIN,87297,341
49,BANDHANBNK,579329,2263
50,BANKBARODA,1195009,4668
51,BANKINDIA,1214721,4745
52,MAHABANK,2912513,11377
53,BATAINDIA,94977,371
54,BERGEPAINT,103425,404
55,BDL,548865,2144
56,BEL,98049,383
57,BHARATFORG,108033,422
58,BHEL,112129,438
59,BPCL,134657,526
60,BHARTIARTL,2714625,10604
61,INFRATEL,7458561,29135
62,BIOCON,2911489,11373
63,BIRLACORPN,122881,480
64,BLISSGVS,4931841,19265
65,BLUEDART,126721,495
66,BLUESTARCO,2127617,8311
67,BBTC,97281,380
68,BOMDYEING,131329,513
69,BOSCHLTD,558337,2181
70,BRIGADE,3887105,15184
71,BRITANNIA,140033,547
72,CARERATING,7452929,29113
73,CCL,2931713,11452
74,CESC,160769,628
75,CGPOWER,194561,760
76,CRISIL,193793,757
77,CADILAHC,2029825,7929
78,CANFINHOME,149249,583
79,CANBK,2763265,10794
80,CAPLIPOINT,999937,3906
81,CARBORUNIV,152321,595
82,CASTROLIND,320001,1250
83,CEATLTD,3905025,15254
84,CENTRALBK,3812865,14894
85,CDSL,5420545,21174
86,CENTURYPLY,3406081,13305
87,CERA,3849985,15039
88,CHAMBLFERT,163073,637
89,CHENNPETRO,524545,2049
90,CHOLAHLDNG,5565441,21740
91,CHOLAFIN,175361,685
92,CIPLA,177665,694
93,CUB,1459457,5701
94,COALINDIA,5215745,20374
95,COCHINSHIP,5506049,21508
96,COFFEEDAY,2858241,11165
97,COLPAL,3876097,15141
98,CONCOR,1215745,4749
99,COROMANDEL,189185,739
100,CORPBANK,1319425,5154
101,COX&KINGS,4558337,17806
102,CREDITACC,1131777,4421
103,CROMPTON,4376065,17094
104,CUMMINSIND,486657,1901
105,CYIENT,1471489,5748
106,DBCORP,4577537,17881
107,DCBBANK,3513601,13725
108,DCMSHRIRAM,207617,811
109,DLF,3771393,14732
110,DABUR,197633,772
111,DEEPAKFERT,211713,827
112,DEEPAKNTR,5105409,19943
113,DELTACORP,3851265,15044
114,DHFL,215553,842
115,DBL,4630017,18086
116,DISHTV,3721473,14537
117,DCAL,5556225,21704
118,DIVISLAB,2800641,10940
119,DIXON,5552641,21690
120,LALPATHLAB,2983425,11654
121,DRREDDY,225537,881
122,EIDPARRY,234497,916
123,EIHOTEL,235265,919
124,EDELWEISS,3870465,15119
125,EICHERMOT,232961,910
126,ELGIEQUIP,239873,937
127,EMAMILTD,3460353,13517
128,ENDURANCE,4818433,18822
129,ENGINERSIN,1256193,4907
130,EQUITAS,4314113,16852
131,ERIS,5415425,21154
132,ESCORTS,245249,958
133,ESSELPACK,251137,981
134,EXIDEIND,173057,676
135,FDC,1253889,4898
136,FEDERALBNK,261889,1023
137,FINEORG,958465,3744
138,FINCABLES,265729,1038
139,FINPIPE,266497,1041
140,FSL,3661825,14304
141,FORTIS,3735553,14592
142,FCONSUMER,7689729,30038
143,FLFL,7872513,30752
144,FRETAIL,4704769,18378
145,GAIL,1207553,4717
146,GEPIL,2012673,7862
147,GET&D,4296449,16783
148,GHCL,288513,1127
149,GMRINFRA,3463169,13528
150,GALAXYSURF,336641,1315
151,GDL,3004161,11735
152,GAYAPROJ,6405889,25023
153,GICRE,70913,277
154,GILLETTE,403457,1576
155,GSKCONS,821761,3210
156,GLAXO,295169,1153
157,GLENMARK,1895937,7406
158,GODFRYPHLP,302337,1181
159,GODREJAGRO,36865,144
160,GODREJCP,2585345,10099
161,GODREJIND,2796801,10925
162,GODREJPROP,4576001,17875
163,GRANULES,3039233,11872
164,GRAPHITE,151553,592
165,GRASIM,315393,1232
166,GESHIP,3526657,13776
167,GREAVESCOT,316161,1235
168,GRINDWELL,3471361,13560
169,GRUH,2957569,11553
170,GUJALKALI,324353,1267
171,GUJFLUORO,329985,1289
172,GUJGASLTD,2713345,10599
173,GMDCLTD,1332225,5204
174,GNFC,300545,1174
175,GPPL,5051137,19731
176,GSFC,319233,1247
177,GSPL,3378433,13197
178,GULFOILLUB,1124097,4391
179,HEG,342017,1336
180,HCLTECH,1850625,7229
181,HDFCAMC,1086465,4244
182,HDFCBANK,341249,1333
183,HDFCLIFE,119553,467
184,HATHWAY,4647425,18154
185,HATSUN,996353,3892
186,HAVELLS,2513665,9819
187,HEIDELBERG,592897,2316
188,HERITGFOOD,1177089,4598
189,HEROMOTOCO,345089,1348
190,HEXAWARE,2747905,10734
191,HFCL,5619457,21951
192,HSCL,3669505,14334
193,HIMATSEIDE,348161,1360
194,HINDALCO,348929,1363
195,HAL,589569,2303
196,HINDCOPPER,4592385,17939
197,HINDPETRO,359937,1406
198,HINDUNILVR,356865,1394
199,HINDZINC,364545,1424
200,HONAUT,874753,3417
201,HUDCO,5331201,20825
202,HDFC,340481,1330
203,ICICIBANK,1270529,4963
204,ICICIGI,5573121,21770
205,ICICIPRULI,4774913,18652
206,ISEC,637185,2489
207,ICRA,3717889,14523
208,IDBI,377857,1476
209,IDFCFIRSTB,2863105,11184
210,IDFC,3060993,11957
211,IFBIND,380161,1485
212,IFCI,381697,1491
213,IRB,3920129,15313
214,IRCON,1276417,4986
215,ITC,424961,1660
216,ITDCEM,1439233,5622
217,ITI,428801,1675
218,INDIACEM,387841,1515
219,ITDC,4940545,19299
220,IBULHSGFIN,7712001,30125
221,IBULISL,6399745,24999
222,IBREALEST,3699201,14450
223,IBVENTURES,3938305,15384
224,INDIANB,3663105,14309
225,IEX,56321,220
226,INDHOTEL,387073,1512
227,IOC,415745,1624
228,IOB,2393089,9348
229,INDOSTAR,790529,3088
230,INDOCO,2989313,11677
231,IGL,2883073,11262
232,INDUSINDBK,1346049,5258
233,INFIBEAM,4159745,16249
234,NAUKRI,3520257,13751
235,INFY,408065,1594
236,INOXLEISUR,3384577,13221
237,INOXWIND,2010113,7852
238,INTELLECT,1517057,5926
239,INDIGO,2865921,11195
240,IPCALAB,418049,1633
241,JBCHEPHARM,441857,1726
242,JKCEMENT,3397121,13270
243,JKLAKSHMI,3453697,13491
244,JKPAPER,3036161,11860
245,JKTYRE,3695361,14435
246,JMFINANCIL,3491073,13637
247,JSWENERGY,4574465,17869
248,JSWSTEEL,3001089,11723
249,JAGRAN,3382017,13211
250,JAICORPLTD,1316609,5143
251,JISLJALEQS,2661633,10397
252,JPASSOCIAT,2933761,11460
253,J&KBANK,1442049,5633
254,JAMNAAUTO,5319169,20778
255,JETAIRWAYS,2997505,11709
256,JINDALSAW,774145,3024
257,JSLHISAR,3149825,12304
258,JSL,2876417,11236
259,JINDALSTEL,1723649,6733
260,JUBLFOOD,4632577,18096
261,JUBILANT,931073,3637
262,JUSTDIAL,7670273,29962
263,JYOTHYLAB,3877377,15146
264,KPRMILL,3817473,14912
265,KEI,3407361,13310
266,KIOCL,4896257,19126
267,KNRCON,3912449,15283
268,KRBL,2707713,10577
269,KAJARIACER,462849,1808
270,KALPATPOWR,464385,1814
271,KANSAINER,306177,1196
272,KTKBANK,2061825,8054
273,KARURVYSYA,470529,1838
274,KSCL,3832833,14972
275,KEC,3394561,13260
276,KIRLOSENG,5359617,20936
277,KOLTEPATIL,3871745,15124
278,KOTAKBANK,492033,1922
279,L&TFH,6386689,24948
280,LTTS,4752385,18564
281,LICHSGFIN,511233,1997
282,LAXMIMACH,506625,1979
283,LAKSHVILAS,504321,1970
284,LTI,4561409,17818
285,LT,2939649,11483
286,LAURUSLABS,4923905,19234
287,LEMONTREE,667137,2606
288,LINDEINDIA,416513,1627
289,LUPIN,2672641,10440
290,LUXIND,2893057,11301
291,MASFIN,50945,199
292,MMTC,4596993,17957
293,MOIL,5332481,20830
294,MRF,582913,2277
295,MAGMA,2919169,11403
296,MGL,4488705,17534
297,MAHSCOOTER,533761,2085
298,MAHSEAMLES,534529,2088
299,M&MFIN,3400961,13285
300,M&M,519937,2031
301,MAHINDCIE,3823873,14937
302,MHRIL,4437249,17333
303,MAHLOG,98561,385
304,MANAPPURAM,4879617,19061
305,MRPL,584449,2283
306,MARICO,1041153,4067
307,MARUTI,2815745,10999
308,MFSL,548353,2142
309,MAXINDIA,4542721,17745
310,MERCK,240641,940
311,MINDTREE,3675137,14356
312,MINDACORP,6629633,25897
313,MINDAIND,3623425,14154
314,MONSANTO,1857793,7257
315,MOTHERSUMI,1076225,4204
316,MOTILALOFS,3826433,14947
317,MPHASIS,1152769,4503
318,MUTHOOTFIN,6054401,23650
319,NATCOPHARM,1003009,3918
320,NBCC,8042241,31415
321,NCC,593665,2319
322,NESCO,3944705,15409
323,NHPC,4454401,17400
324,NIITTECH,2955009,11543
325,NLCINDIA,2197761,8585
326,NMDC,3924993,15332
327,NTPC,2977281,11630
328,NH,3031041,11840
329,NATIONALUM,1629185,6364
330,NFL,3564801,13925
331,NBVENTURES,1027585,4014
332,NAVINFLUOR,3756033,14672
333,NETWORK18,3612417,14111
334,NILKAMAL,619777,2421
335,OBEROIRLTY,5181953,20242
336,ONGC,633601,2475
337,OIL,4464129,17438
338,OMAXE,3802369,14853
339,OFSS,2748929,10738
340,ORIENTCEM,7702785,30089
341,ORIENTELEC,760833,2972
342,ORIENTBANK,636673,2487
343,PCJEWELLER,7455745,29124
344,PIIND,6191105,24184
345,PNBHOUSING,4840449,18908
346,PNCINFRA,2402561,9385
347,PTC,2906881,11355
348,PVR,3365633,13147
349,PAGEIND,3689729,14413
350,PARAGMILK,4385281,17130
351,PERSISTENT,4701441,18365
352,PETRONET,2905857,11351
353,PFIZER,676609,2643
354,PHILIPCARB,678145,2649
355,PHOENIXLTD,3725313,14552
356,PIDILITIND,681985,2664
357,PEL,617473,2412
358,PFC,3660545,14299
359,POWERGRID,3834113,14977
360,PRAJIND,692481,2705
361,PRESTIGE,5197313,20302
362,PRSMJOHNSN,701185,2739
363,PGHH,648961,2535
364,PNB,2730497,10666
365,QUESS,4532225,17704
366,RBLBANK,4708097,18391
367,RECLTD,3930881,15355
368,RITES,962817,3761
369,RADICO,2813441,10990
370,RAIN,3926273,15337
371,RAJESHEXPO,1894657,7401
372,RALLIS,720897,2816
373,RKFORGE,2921217,11411
374,RCF,733697,2866
375,RAYMOND,731905,2859
376,REDINGTON,3649281,14255
377,RELAXO,6201601,24225
378,RELCAPITAL,737793,2882
379,RCOM,3375873,13187
380,RHFL,5563649,21733
381,RELIANCE,738561,2885
382,RELINFRA,141569,553
383,RNAM,91393,357
384,RPOWER,3906305,15259
385,REPCOHOME,7577089,29598
386,RUPA,6585345,25724
387,SHK,2870273,11212
388,SBILIFE,5582849,21808
389,SJVN,4834049,18883
390,SKFINDIA,815617,3186
391,SREINFRA,836353,3267
392,SRF,837889,3273
393,SADBHAV,3388417,13236
394,SANOFI,369153,1442
395,SCHAEFFLER,258817,1011
396,SIS,5504257,21501
397,SHANKARA,5202177,20321
398,SHARDACROP,1277953,4992
399,SFL,4911105,19184
400,SHILPAMED,4544513,17752
401,SCI,780289,3048
402,SHOPERSTOP,3024129,11813
403,SHREECEM,794369,3103
404,RENUKA,3078657,12026
405,SHRIRAMCIT,3005185,11739
406,SRTRANSFIN,1102337,4306
407,SIEMENS,806401,3150
408,SPTL,5494273,21462
409,SOBHA,3539457,13826
410,SOLARINDS,3412993,13332
411,SONATSOFTW,1688577,6596
412,SOUTHBANK,1522689,5948
413,STARCEMENT,5399297,21091
414,SBIN,779521,3045
415,SAIL,758529,2963
416,STRTECH,2383105,9309
417,STAR,1887745,7374
418,SUDARSCHEM,851713,3327
419,SPARC,3785729,14788
420,SUNPHARMA,857857,3351
421,SUNTV,3431425,13404
422,SUNCLAYLTD,7426049,29008
423,SUNDARMFIN,854785,3339
424,SUNDRMFAST,856321,3345
425,SUNTECK,4516097,17641
426,SUPRAJIT,2992385,11689
427,SUPREMEIND,860929,3363
428,SUVEN,2875649,11233
429,SUZLON,3076609,12018
430,SWANENERGY,6936321,27095
431,SYMPHONY,6192641,24190
432,SYNDIBANK,1837825,7179
433,SYNGENE,2622209,10243
434,TCNSBRANDS,1068033,4172
435,TTKPRESTIG,907777,3546
436,TVTODAY,2886401,11275
437,TV18BRDCST,3637249,14208
438,TVSMOTOR,2170625,8479
439,TAKE,3818753,14917
440,TNPL,1018881,3980
441,TATACHEM,871681,3405
442,TATACOFFEE,185345,724
443,TCS,2953217,11536
444,TATAELXSI,873217,3411
445,TATAGLOBAL,878593,3432
446,TATAINVEST,414977,1621
447,TATAMTRDVR,4343041,16965
448,TATAMOTORS,884737,3456
449,TATAPOWER,877057,3426
450,TATASTEEL,895745,3499
451,TEAMLEASE,3255297,12716
452,TECHM,3465729,13538
453,NIACL,102145,399
454,RAMCOCEM,523009,2043
455,THERMAX,889601,3475
456,THOMASCOOK,891137,3481
457,THYROCARE,4360193,17032
458,TIMETECHNO,3764993,14707
459,TIMKEN,3634689,14198
460,TITAN,897537,3506
461,TORNTPHARM,900609,3518
462,TORNTPOWER,3529217,13786
463,TRENT,502785,1964
464,TRIDENT,2479361,9685
465,TRITURBINE,6549505,25584
466,TIINDIA,79873,312
467,UCOBANK,2873089,11223
468,UFLEX,269569,1053
469,UPL,2889473,11287
470,UJJIVAN,4369665,17069
471,ULTRACEMCO,2952193,11532
472,UNIONBANK,2752769,10753
473,UBL,4278529,16713
474,MCDOWELL-N,2674433,10447
475,VGUARD,3932673,15362
476,VMART,7496705,29284
477,VIPIND,947969,3703
478,VRLLOG,2226177,8696
479,VSTIND,953345,3724
480,WABAG,5168129,20188
481,VAKRANGEE,3415553,13342
482,VTL,530689,2073
483,VARROC,987393,3857
484,VBL,4843777,18921
485,VEDL,784129,3063
486,VENKEYS,961793,3757
487,VINATIORGA,4445185,17364
488,IDEA,3677697,14366
489,VOLTAS,951809,3718
490,WABCOINDIA,4330241,16915
491,WELCORP,3026177,11821
492,WELSPUNIND,2880769,11253
493,WHIRLPOOL,4610817,18011
494,WIPRO,969473,3787
495,WOCKPHARMA,1921537,7506
496,YESBANK,3050241,11915
497,ZEEL,975873,3812
498,ZENSARTECH,275457,1076
499,ZYDUSWELL,4514561,17635
500,ECLERX,3885825,15179
